13995
10198
11118
10189
14315
26576
10132
26969
4744
13939
27520
11358
16994
19568
2087
19658
18233
12246
7027
8369
20325
1005
28822
26445
31432
4194
31389
10563
18946
17317
23880
28199
3555
13456
30745
27459
27430
26441
10155
3988
18012
22889
12613
4374
11302
6494
3247
24386
2471
27918
68
7892
18745
19388
17225
4817
10079
12080
6781
5833
21500
18
8945
3673
13250
8600
16154
28149
21996
24673
23077
16612
29232
18592
30090
20620
751
10108
13540
20720
20400
15287
23552
13943
31692
22926
29492
6383
28010
1505
1522
18385
8366
19604
12188
29639
15150
22069
27290
4459
29606
223
21931
22866
8684
94
25464
2377
2854
18835
10351
19166
15930
19738
15054
25379
5254
17707
22782
4014
10962
6846
18979
13540
26242
9715
11505
16760
23312
19888
10433
27438
9146
19084
13540
10469
1400
4332
27191
3540
27953
9835
4855
27156
7726
26240
27863
21598
9423
31323
20816
279
24957
2063
14393
2697
16351
23798
18583
3700
28241
5969
27574
17605
10642
4912
5753
29605
28860
7826
15598
25781
13690
14540
9253
16280
23669
24879
1603
28083
8719
14565
15570
27440
14164
31772
25947
10569
11053
5735
13367
26051
29655
22112
27042
7096
11412
1171
7441
29082
23457
24983
21190
18549
21607
20350
4001
20596
2549
10864
24377
18087
26030
5266
43
16387
30271
14636
10930
9643
2773
19212
9592
18030
3724
16933
7340
8592
14378
7292
28501
20173
25101
9797
26342
10139
7778
3400
3346
5552
23448
17290
5089
10948
11540
29994
1028
26008
3111
5513
9574
18487
9533
18349
22019
9083
1367
9704
17149
15316
15291
11444
14316
11077
17385
19682
30838
9391
19410
26868
22561
31826
10821
16839
1124
6545
6570
5749
13572
13813
2802
31609
13982
3445
9422
11540
895
25589
17183
24816
24252
1036
2734
23300
9600
6922
25886
18871
19104
5690
31007
11592
12405
25956
29412
20077
21738
18070
12502
2106
980
32548
10378
26949
898
9710
6128
28680
28565
25313
22222
26246
13842
18369
23661
8498
27318
9765
19859
9484
25738
1731
9904
30989
22967
9709
22108
9925
28058
6492
23553
11843
25883
813
16085
28981
30011
30249
28940
22864
24557
28489
29515
15858
21287
2169
19551
19718
15928
18589
10543
31529
4444
13522
14575
16138
7054
1782
6551
7191
31389
11626
26772
16470
20866
30742
19389
14736
14577
5806
1672
1461
7726
19508
28542
636
1058
31679
23020
74
23214
29306
18396
31829
24639
4847
30787
17929
16803
17798
9596
5035
27675
21064
2037
19004
17841
2025
28969
31904
16331
21510
4814
26111
30721
12459
17999
25452
23340
2840
26748
12484
32447
1989
7553
27865
9307
18339
4372
10448
7069
4773
1779
1736
30267
2943
20366
11197
16975
20654
29952
2219
16114
11960
13380
16118
16141
18357
5798
9225
11884
21518
16247
10301
27924
24709
16901
9469
29911
11637
5067
22057
32037
4955
28388
695
4389
4246
14534
6304
19460
25707
16684
16378
12174
23372
27988
10593
18683
12378
9067
7068
6155
10280
2630
1150
27733
18626
29010
4361
11483
21230
29902
4314
15843
24753
12855
10433
30978
19733
8452
6319
27514
18730
25492
6357
20166
16971
9317
4618
28530
32162
21382
13677
30256
3311
22607
14156
18217
132
2895
12613
27537
31380
3206
28587
14718
1966
18900
11820
11770
24709
18866
1968
11606
30962
3616
7555
7618
60
9182
14775
4123
13974
12767
28868
27396
15337
7419
1650
19512
15316
5092
6649
5151
6898
5979
23910
20383
2395
21156
23616
29748
7789
22583
5484
8771
25036
5816
27726
25003
26023
6697
13617
3230
22077
27999
24809
23727
8864
12210
2998
20011
8889
13049
29548
19885
24205
13750
6353
25581
23230
3469
4167
21465
3669
22011
17835
24295
26046
30532
14204
9129
30484
6573
27968
19106
19360
22764
11555
30040
25244
19421
13538
9130
20796
13430
31207
868
9199
27645
13494
24081
25826
24440
15239
6416
27589
12390
28724
31722
23251
19884
17750
12515
27916
6354
7851
13263
31173
27503
4284
8999
20835
4322
17340
10076
22372
2115
32178
25707
32159
8858
6107
10674
1228
20814
25417
21506
9798
14560
16593
5621
2832
23512
28708
6786
13334
29184
23100
13774
14262
16337
23290
6213
30847
555
19981
14314
14649
16969
25365
25579
12837
9715
32008
13945
2950
4085
8405
22742
24927
9425
14152
19888
13439
1969
9774
13741
27835
25503
1209
16967
20603
5368
28454
19162
5496
1822
15772
14331
28355
6766
8792
14604
15370
9842
29447
30733
15895
27735
8563
16309
29849
3489
10082
18370
2343
23325
27067
7053
27522
4119
22251
20193
794
19918
17543
29965
6612
27429
20531
3640
25611
27803
18370
24309
18901
14461
23711
26136
21895
23387
9835
25799
27515
28856
14567
11476
12048
1029
20757
10570
14579
32209
23962
21829
669
28986
26215
5383
11037
23975
6040
9545
31000
14521
29596
5327
15886
21630
28823
31807
32478
30184
1284
26675
1421
12158
26527
10637
16451
21586
1666
11
4502
5939
31118
21275
30219
10787
29708
27888
8922
29196
31124
27605
498
8878
23086
24001
12093
22236
14776
14892
23333
30952
9864
11810
13911
3932
850
28310
19143
16874
18507
1272
26100
10918
24462
18954
30829
18291
8383
751
3732
8123
12271
21636
18082
29284
17344
244
26603
32767
5834
9095
32612
17730
2109
24251
9570
14776
12231
12438
20644
26295
26808
24890
23188
27283
6244
16314
6346
15377
13256
8492
12242
16926
18545
22016
815
5057
3226
2448
26271
29775
14997
16375
29857
24542
15212
26151
11829
15355
25799
10294
18403
160
19984
505
18430
28000
214
15828
23082
7909
2159
21968
31772
6300
9442
27374
26529
5807
9476
18108
24034
15412
11232
6949
14310
29092
25948
29837
24664
1934
28186
4638
6795
29068
29341
6236
15035
11639
18861
20992
13206
10967
3580
29443
7418
18077
31497
4601
6145
12053
4421
19360
13371
17430
17781
17593
14906
18300
16215
32278
32596
29143
27528
12021
9892
16229
25765
6540
29522
2366
30640
3557
4116
16079
18358
3820
28661
21385
21679
19911
11350
13530
27046
28517
1074
23645
13850
20570
24742
21070
5795
15082
688
13376
20697
17251
15927
5138
18033
16049
26187
17183
25513
1836
20143
23989
19687
948
1684
10953
3996
9472
12456
